[{"id": 0, "img_name": "IMG_20240522_174159_114.JPG", "width": 6080, "height": 3040, "position": [0.24480929713879848, 2.154554972162103, 0.06043304677015898], "rotation": [[0.9516354516247282, -0.02488131862955886, 0.3062203245936728], [-0.3056245769443662, 0.02507861244972413, 0.9518217696423914], [-0.031362161573736315, -0.9993757967755926, 0.016261354204737864]], "fy": 1520.0000000000002, "fx": 3040.0000000000005}, {"id": 1, "img_name": "IMG_20240522_174212_316.JPG", "width": 6080, "height": 3040, "position": [0.06323376128706129, 2.1466300514701975, 0.06442217410659404], "rotation": [[0.9977435106941198, -0.022147563177224567, -0.06338274460043213], [0.06387934516454623, 0.02248392989239227, 0.9977043159964494], [-0.020671626184737467, -0.99950185509678, 0.023847966977787446]], "fy": 1520.0000000000002, "fx": 3040.0000000000005}, {"id": 2, "img_name": "IMG_20240522_174231_966.JPG", "width": 6080, "height": 3040, "position": [0.30515988194901245, 1.5517939474424567, 0.041190978252488956], "rotation": [[0.9988665620159889, -0.02247379706218899, -0.04195854778190388], [0.04248688905459545, 0.023571501177661807, 0.9988189268284287], [-0.021458227904961373, -0.9994695156821138, 0.024499626065303596]], "fy": 1520.0000000000002, "fx": 3040.0000000000005}, {"id": 3, "img_name": "IMG_20240522_174243_534.JPG", "width": 6080, "height": 3040, "position": [-0.013475221906119286, 1.540115016022878, 0.047280992546482645], "rotation": [[0.9987562067680106, -0.02186629557409847, -0.044809648070934724], [0.045323076030513464, 0.023578433548823646, 0.9986940854188113], [-0.020781198750484974, -0.9994828275609591, 0.024540154629565252]], "fy": 1520.0000000000002, "fx": 3040.0000000000005}, {"id": 4, "img_name": "IMG_20240522_174256_347.JPG", "width": 6080, "height": 3040, "position": [0.32687488476585175, 1.3185906757155053, 0.03367014218093775], "rotation": [[0.9947880879598764, -0.02179917917544786, -0.09960650501051499], [0.10011107081304058, 0.02342585858525354, 0.9947004587564086], [-0.01935028562578349, -0.9994878813356469, 0.02548610424094225]], "fy": 1520.0000000000002, "fx": 3040.0000000000005}, {"id": 5, "img_name": "IMG_20240522_174309_400.JPG", "width": 6080, "height": 3040, "position": [0.017009320523863735, 1.3005106038059708, 0.03888976914995557], "rotation": [[0.9751794489779112, -0.02063080358658508, -0.220452743767251], [0.22089992697109115, 0.022713557885828434, 0.9750319566826177], [-0.015108426632315633, -0.9995291212523719, 0.02670713786906163]], "fy": 1520.0000000000002, "fx": 3040.0000000000005}, {"id": 6, "img_name": "IMG_20240522_174321_265.JPG", "width": 6080, "height": 3040, "position": [0.3283000554083384, 1.0146029019122436, 0.02438993376029311], "rotation": [[0.9980832379831238, -0.022381544948501607, -0.05769676336538541], [0.058228747776514905, 0.023893318750264708, 0.9980172955673049], [-0.020958601802173897, -0.9994639442045005, 0.025150770280082117]], "fy": 1520.0000000000002, "fx": 3040.0000000000005}, {"id": 7, "img_name": "IMG_20240522_174334_206.JPG", "width": 6080, "height": 3040, "position": [0.0076299501514772525, 0.9721336412734138, 0.028470526806968877], "rotation": [[0.9953502835044469, -0.021614692601620744, -0.09386489328473421], [0.09436811711654354, 0.023573006099186875, 0.9952582438017409], [-0.019299523297103, -0.9994884283708265, 0.025503136146745545]], "fy": 1520.0000000000002, "fx": 3040.0000000000005}, {"id": 8, "img_name": "IMG_20240522_174346_650.JPG", "width": 6080, "height": 3040, "position": [0.3361350325649548, 0.6680552396034871, 0.013972340602859751], "rotation": [[0.9819161234682222, -0.021237452129542533, -0.18812149558246766], [0.1885897014936388, 0.022741563659628903, 0.9817926185161789], [-0.016572596769342276, -0.999515778719556, 0.026335472787864484]], "fy": 1520.0000000000002, "fx": 3040.0000000000005}, {"id": 9, "img_name": "IMG_20240522_174359_936.JPG", "width": 6080, "height": 3040, "position": [0.019726999228960665, 0.6581062586199894, 0.018490528269305848], "rotation": [[0.9989638579513577, -0.02320053415187158, 0.03915285075198905], [-0.03858589499908152, 0.024400832361019992, 0.9989573204532862], [-0.024131705577093907, -0.9994330065567963, 0.023480336257882147]], "fy": 1520.0000000000002, "fx": 3040.0000000000005}, {"id": 10, "img_name": "IMG_20240522_174411_016.JPG", "width": 6080, "height": 3040, "position": [0.3545825153410789, 0.2919256627741101, 0.0037401071042535844], "rotation": [[0.9294442171539402, -0.01907429202282728, -0.36846929123459826], [0.3688353070482374, 0.021795856180547316, 0.9292391817653781], [-0.009693475833348371, -0.9995804680150493, 0.02729330483989591]], "fy": 1520.0000000000002, "fx": 3040.0000000000005}, {"id": 11, "img_name": "IMG_20240522_174424_130.JPG", "width": 6080, "height": 3040, "position": [0.3550009762934141, 0.042260262289353694, -0.0036256771480449555], "rotation": [[0.9599929468367773, -0.020682529710975676, -0.279259332858179], [0.2796916831578141, 0.022236507189566584, 0.9598323291702346], [-0.013642008502763866, -0.9995387789939734, 0.027131621611093486]], "fy": 1520.0000000000002, "fx": 3040.0000000000005}, {"id": 12, "img_name": "IMG_20240522_174435_989.JPG", "width": 6080, "height": 3040, "position": [0.02487543225247592, 0.36781184305818404, 0.010831095150618884], "rotation": [[0.959171746430383, -0.02049746971665342, -0.2820805108207651], [0.2824995370435233, 0.02165571140385727, 0.9590229620472014], [-0.013548889987150618, -0.9995553430895199, 0.02656207223294837]], "fy": 1520.0000000000002, "fx": 3040.0000000000005}, {"id": 13, "img_name": "IMG_20240522_174447_609.JPG", "width": 6080, "height": 3040, "position": [0.002329460113283739, 0.0009786549389953238, 0.00213956499189919], "rotation": [[0.9957114138140566, -0.023421468330471155, -0.08949980570737194], [0.09002933162080759, 0.022623529510079878, 0.995682125660804], [-0.021295535877813552, -0.9994696647391312, 0.024635125693315895]], "fy": 1520.0000000000002, "fx": 3040.0000000000005}, {"id": 14, "img_name": "IMG_20240522_174457_847.JPG", "width": 6080, "height": 3040, "position": [-0.00017233132928400885, 3.497216533955951e-05, -4.40277319525149e-05], "rotation": [[0.9957994729436858, -0.023754341641613483, -0.08842590648815024], [0.0889775624175634, 0.023265811725792604, 0.9957618668090122], [-0.021596367085836243, -0.9994470637597139, 0.025281686470256092]], "fy": 1520.0000000000002, "fx": 3040.0000000000005}]